1349611778
425041981
-754170909
-658221987
734003439
411638932
677784600
833724372
1585614173
5094285580
654116004
1626050848
-762072793
492572767
5178442245
5254808422
1281170921
5110094359
1888913181
-1001724788184
1728654823
159782129
5138283358
1493933841
5062746587
1751269841
1847286753
397003999
449805926
2103698432
5370956177
1817025804
1642755866
289371009
874954972
5169157560
5376456495
1261858686
1740082455
1043943040
740796738
5195696521
1766899748
1955185797
1176220145
1148845824
5101995928
1620381174
1635358747
5016388953
5332585334
1482629312
5248570223
894001693
-1001552108091
1696096073
5318881883
2137707568
5129352782
5360140422
5089927140
1761227567
5259823863
5214943967
5156620873
451069112
-1001603982081
1146354917
-1001644597733
640132502
835396084
5280374347
1104262558
417110698
587195171
1550851206
298216806
437084369
5147836200
1193187829
568193486
1508512701
5107709190
756597038
5197243564
1146308451
-1001701671211
1515819850
5328699681
5177316079
-1001511233151
1614749221
5297306082
1556745217
1869936784
1232271949
5006531456
1853439248
5101479150
5594982669
5182317062
1682605490
-1001336408420
1962400096
-1001510143946
5195362937
787346565
5184147235
5314789918
-1001651931160
5235438636
-432924447
5235272726
5286059518
5360059044
1688431446
5322659906
1798540517
5290921734
1801379489
970763727
-1001737807860
970763727
-780256299
1663056872
5295895210
5518578084
1811990617
5441757716
1937516049
1345247649
5167584179
5003004114
1634450719
-1001752861429
962276677
528170269
957676222
933946757
1896315590
5125185826
1410235906
5134366193
904321957
5042173450
5341185232
1024945864
1824922207
5270261554
1095029193
1474309998
5080760505
1761799851
5340786110
5072766848
-1001708255409
-1001585496904
5561154806
5486143089
-1001706455962
2053181689
5399365425
1973248792
-1001597298720
-1001745876701
1386685888
5557052911
1580722738
1623412731
1118368729
1388562455
-1001659493539
1388069358
1419804302
1770650828
1630835108
1485862811
1794402531
-1001555025244
1741365558
1146028184
1555847755
1981945102
1979342833
5093474622
2049061288
5248008745
2047456263
-1001608428260
1746548292
1250148221
5138707125
5307897907
1728104164
5328685412
1903876484
2117160890
5128391130
1925960257
-1001605161824
5559271623
-1001663178757
-1001484107144
1323464813
5329283054
5376081022
1845813420
1955528852
1948475142
5107157135
5143897226
1784242658
5066296068
952287156
1476537327
-1001680652985
1881841490
5017386054
5002964574
5285104253
821713232
5214322788
5004727012
1415643851
5020309635
5182905647
5302353517
1482578132
5277580271
5174506570
5001095628
1947588443
-1001516358724
5367159763
1012350573
1385343119
5241018630
1785406457
5152618634
-1001767605942
5460035083
2091827699
1671567195
1547189128
-1001773475866
5253795475
906445451
5371584067
1770314748
1832691398
5096631914
5323769413
371966885
1779470187
5331374174
1408149663
-1001581607153
1005978704
2135675363
5136211979
2114440211
-1001539457570
1153292107
1929598744
1219011758
2124080494
5390659519
2110905744
5589287976
1057661735
1678655464
5512806229
1862081775
1165755720
5126343604
-1001743529697
-1001512312626
1958586744
-1001761494240
5046756752
989620298
782830594
-1001601854132
1371030857
1674472326
653622357
1749443293
5447452422
2056060510
-1001772396464
1361166030
1331066966
5411935285
-1001512927301
-1001658352336
1493879561
5138355720
1835699188
5437298491
5291173078
5110664823
5214865243
1523211240
1152812481
1675283194
1466847280
280459725
664012084
862365315
5354415197
1606231690
5217913791
1188861786
5210112038
5348104809
5211425372
-1001620518733
1388857331
5233966617
5151852852
5446542572
5136156711
5102716921
5338165441
2069297245
1153400989
5357223257
1854114855
2096253686
5278468666
1190083477
1900724479
5344032416
-1001770986519
293195995
-1001747844123
-1001603231257
1558819945
1828497759
1674695433
1766374962
2125815157
5045850748
5092780886
866556497
5322803705
-1001781755790
5250573083
5219709452
1996630438
1203028982
1557409448
1611703345
-1001504820201
1349247500
5027153257
1708829951
5288651690
2028774131
1730750902
5325652787
1605223964
1692024695
982253090
-1001667817018
805244420
1974539372
1899208973
1361063557
1291991619
-1001798916352
1829051547
1418453421
2009041254
-1001723047506
1972103216
1106540981
1037192079
5068509583
2095654477
491186384
5115357107
-1001658751176
5104745881
5328153649
5198621911
1871761732
5089836859
5013270017
5057323563
1940016793
-1001606815162
